# Number of years of data
46
# Last year T' with surface reading
14
# Number of age classes
23
# Max. age for surface readings
11
# Minimum prop. in an age class (re grouping classes)
0.02
# Actual age k of first year class
7
# Weight parameters (w1,winf,lamw)
    0.4979208   1.297762   0.909001
# Maturity parameters (lamm,bm)
    0.5289053    0.0252396
# Age/weight data (yr, age, prop, wgt)      
1963  7  0.012000  0.529000
1963  8  0.016000  0.572000
1963  9  0.023000  0.614000
1963  10  0.070000  0.654000
1963  11  0.210000  0.694000
1963  12  0.178000  0.732000
1963  13  0.170000  0.770000
1963  14  0.080000  0.806000
1963  15  0.045000  0.841000
1963  16  0.042000  0.876000
1963  17  0.038000  0.909000
1963  18  0.036000  0.942000
1963  19  0.033000  0.973000
1963  20  0.017000  1.000000
1963  21  0.010000  1.030000
1963  22  0.012000  1.060000
1963  23  0.004000  1.090000
1963  24  0.003000  1.120000
1963  25  0.001000  1.150000
1963  26  0.000000  1.170000
1963  27  0.000000  1.200000
1963  28  0.000000  1.220000
1963  29  0.000000  1.000000
1964  7  0.000000  0.529000
1964  8  0.018000  0.572000
1964  9  0.012000  0.614000
1964  10  0.040000  0.654000
1964  11  0.048000  0.694000
1964  12  0.165000  0.732000
1964  13  0.190000  0.770000
1964  14  0.128000  0.806000
1964  15  0.080000  0.841000
1964  16  0.038000  0.876000
1964  17  0.030000  0.909000
1964  18  0.027000  0.942000
1964  19  0.065000  0.973000
1964  20  0.048000  1.000000
1964  21  0.035000  1.030000
1964  22  0.030000  1.060000
1964  23  0.012000  1.090000
1964  24  0.017000  1.120000
1964  25  0.003000  1.150000
1964  26  0.012000  1.170000
1964  27  0.002000  1.200000
1964  28  0.000000  1.220000
1964  29  0.000000  1.000000
1965  7  0.003000  0.529000
1965  8  0.004000  0.572000
1965  9  0.025000  0.614000
1965  10  0.051000  0.654000
1965  11  0.067000  0.694000
1965  12  0.170000  0.732000
1965  13  0.272000  0.770000
1965  14  0.138000  0.806000
1965  15  0.074000  0.841000
1965  16  0.037000  0.876000
1965  17  0.037000  0.909000
1965  18  0.026000  0.942000
1965  19  0.031000  0.973000
1965  20  0.018000  1.000000
1965  21  0.018000  1.030000
1965  22  0.011000  1.060000
1965  23  0.009000  1.090000
1965  24  0.004000  1.120000
1965  25  0.003000  1.150000
1965  26  0.002000  1.170000
1965  27  0.000000  1.200000
1965  28  0.000000  1.220000
1965  29  0.000000  1.000000
1966  7  0.002008  0.529000
1966  8  0.004016  0.572000
1966  9  0.011044  0.614000
1966  10  0.027108  0.654000
1966  11  0.053213  0.694000
1966  12  0.087349  0.732000
1966  13  0.118474  0.770000
1966  14  0.304217  0.806000
1966  15  0.132530  0.841000
1966  16  0.084337  0.876000
1966  17  0.046185  0.909000
1966  18  0.029117  0.942000
1966  19  0.023092  0.973000
1966  20  0.030121  1.000000
1966  21  0.018072  1.030000
1966  22  0.011044  1.060000
1966  23  0.010040  1.090000
1966  24  0.003012  1.120000
1966  25  0.002008  1.150000
1966  26  0.001004  1.170000
1966  27  0.001004  1.200000
1966  28  0.001004  1.220000
1966  29  0.000000  1.000000
1967  7  0.000000  0.529000
1967  8  0.001004  0.572000
1967  9  0.013052  0.614000
1967  10  0.039157  0.654000
1967  11  0.063253  0.694000
1967  12  0.097390  0.732000
1967  13  0.139558  0.770000
1967  14  0.167671  0.806000
1967  15  0.173695  0.841000
1967  16  0.086345  0.876000
1967  17  0.057229  0.909000
1967  18  0.062249  0.942000
1967  19  0.031125  0.973000
1967  20  0.026104  1.000000
1967  21  0.017068  1.030000
1967  22  0.008032  1.060000
1967  23  0.010040  1.090000
1967  24  0.006024  1.120000
1967  25  0.001004  1.150000
1967  26  0.000000  1.170000
1967  27  0.000000  1.200000
1967  28  0.000000  1.220000
1967  29  0.000000  1.000000
1968  7  0.021539  0.529000
1968  8  0.024615  0.572000
1968  9  0.026667  0.614000
1968  10  0.030769  0.654000
1968  11  0.043077  0.694000
1968  12  0.090256  0.732000
1968  13  0.129231  0.770000
1968  14  0.110769  0.806000
1968  15  0.150769  0.841000
1968  16  0.111795  0.876000
1968  17  0.072821  0.909000
1968  18  0.049231  0.942000
1968  19  0.042051  0.973000
1968  20  0.028718  1.000000
1968  21  0.021539  1.030000
1968  22  0.016410  1.060000
1968  23  0.011282  1.090000
1968  24  0.012308  1.120000
1968  25  0.002051  1.150000
1968  26  0.002051  1.170000
1968  27  0.002051  1.200000
1968  28  0.000000  1.220000
1968  29  0.000000  1.000000
1969  7  0.023209  0.529000
1969  8  0.050454  0.572000
1969  9  0.076690  0.614000
1969  10  0.052472  0.654000
1969  11  0.045409  0.694000
1969  12  0.043391  0.732000
1969  13  0.107972  0.770000
1969  14  0.086781  0.806000
1969  15  0.109990  0.841000
1969  16  0.097881  0.876000
1969  17  0.078708  0.909000
1969  18  0.063572  0.942000
1969  19  0.039354  0.973000
1969  20  0.031282  1.000000
1969  21  0.023209  1.030000
1969  22  0.021191  1.060000
1969  23  0.023209  1.090000
1969  24  0.011100  1.120000
1969  25  0.009082  1.150000
1969  26  0.004036  1.170000
1969  27  0.000000  1.200000
1969  28  0.001009  1.220000
1969  29  0.000000  1.000000
1970  7  0.025026  0.529000
1970  8  0.081335  0.572000
1970  9  0.217935  0.614000
1970  10  0.070907  0.654000
1970  11  0.046924  0.694000
1970  12  0.023983  0.732000
1970  13  0.045881  0.770000
1970  14  0.040667  0.806000
1970  15  0.067779  0.841000
1970  16  0.055266  0.876000
1970  17  0.060480  0.909000
1970  18  0.082378  0.942000
1970  19  0.034411  0.973000
1970  20  0.044838  1.000000
1970  21  0.020855  1.030000
1970  22  0.015641  1.060000
1970  23  0.014599  1.090000
1970  24  0.016684  1.120000
1970  25  0.013556  1.150000
1970  26  0.006257  1.170000
1970  27  0.006257  1.200000
1970  28  0.007299  1.220000
1970  29  0.001043  1.300000
1971  7  0.039434  0.529000
1971  8  0.026289  0.572000
1971  9  0.088979  0.614000
1971  10  0.227503  0.654000
1971  11  0.092012  0.694000
1971  12  0.033367  0.732000
1971  13  0.019211  0.770000
1971  14  0.048534  0.806000
1971  15  0.035389  0.841000
1971  16  0.085945  0.876000
1971  17  0.066734  0.909000
1971  18  0.051567  0.942000
1971  19  0.082912  0.973000
1971  20  0.023256  1.000000
1971  21  0.022245  1.030000
1971  22  0.014156  1.060000
1971  23  0.018200  1.090000
1971  24  0.011122  1.120000
1971  25  0.001011  1.150000
1971  26  0.007078  1.170000
1971  27  0.003033  1.200000
1971  28  0.001011  1.220000
1971  29  0.001011  1.300000
1972  7  0.015075  0.529000
1972  8  0.051256  0.572000
1972  9  0.063317  0.614000
1972  10  0.153769  0.654000
1972  11  0.195980  0.694000
1972  12  0.070352  0.732000
1972  13  0.033166  0.770000
1972  14  0.018091  0.806000
1972  15  0.041206  0.841000
1972  16  0.033166  0.876000
1972  17  0.054271  0.909000
1972  18  0.049246  0.942000
1972  19  0.042211  0.973000
1972  20  0.089447  1.000000
1972  21  0.034171  1.030000
1972  22  0.017085  1.060000
1972  23  0.013065  1.090000
1972  24  0.014070  1.120000
1972  25  0.006030  1.150000
1972  26  0.001005  1.170000
1972  27  0.003015  1.200000
1972  28  0.001005  1.220000
1972  29  0.000000  1.000000
1973  7  0.004012  0.529000
1973  8  0.018054  0.572000
1973  9  0.063190  0.614000
1973  10  0.091274  0.654000
1973  11  0.207623  0.694000
1973  12  0.195587  0.732000
1973  13  0.063190  0.770000
1973  14  0.036108  0.806000
1973  15  0.019057  0.841000
1973  16  0.040120  0.876000
1973  17  0.034102  0.909000
1973  18  0.041123  0.942000
1973  19  0.044132  0.973000
1973  20  0.040120  1.000000
1973  21  0.048144  1.030000
1973  22  0.018054  1.060000
1973  23  0.012036  1.090000
1973  24  0.014042  1.120000
1973  25  0.010030  1.150000
1973  26  0.000000  1.170000
1973  27  0.000000  1.200000
1973  28  0.000000  1.220000
1973  29  0.000000  1.000000
1974  7  0.003027  0.529000
1974  8  0.028254  0.572000
1974  9  0.067609  0.614000
1974  10  0.108981  0.654000
1974  11  0.165489  0.694000
1974  12  0.201816  0.732000
1974  13  0.125126  0.770000
1974  14  0.050454  0.806000
1974  15  0.030273  0.841000
1974  16  0.025227  0.876000
1974  17  0.035318  0.909000
1974  18  0.032291  0.942000
1974  19  0.029263  0.973000
1974  20  0.033300  1.000000
1974  21  0.025227  1.030000
1974  22  0.022200  1.060000
1974  23  0.010091  1.090000
1974  24  0.006055  1.120000
1974  25  0.000000  1.150000
1974  26  0.000000  1.170000
1974  27  0.000000  1.200000
1974  28  0.000000  1.220000
1974  29  0.000000  1.000000
1975  7  0.007121  0.529000
1975  8  0.004069  0.572000
1975  9  0.050865  0.614000
1975  10  0.112920  0.654000
1975  11  0.150560  0.694000
1975  12  0.232960  0.732000
1975  13  0.191251  0.770000
1975  14  0.055951  0.806000
1975  15  0.037640  0.841000
1975  16  0.024415  0.876000
1975  17  0.030519  0.909000
1975  18  0.029502  0.942000
1975  19  0.030519  0.973000
1975  20  0.017294  1.000000
1975  21  0.010173  1.030000
1975  22  0.007121  1.060000
1975  23  0.006104  1.090000
1975  24  0.001017  1.120000
1975  25  0.000000  1.150000
1975  26  0.000000  1.170000
1975  27  0.000000  1.200000
1975  28  0.000000  1.220000
1975  29  0.000000  1.000000
1976  7  0.021385  0.529000
1976  8  0.014257  0.572000
1976  9  0.014257  0.614000
1976  10  0.066191  0.654000
1976  11  0.114053  0.694000
1976  12  0.148676  0.732000
1976  13  0.215886  0.770000
1976  14  0.172098  0.806000
1976  15  0.050917  0.841000
1976  16  0.032587  0.876000
1976  17  0.022403  0.909000
1976  18  0.029532  0.942000
1976  19  0.027495  0.973000
1976  20  0.038697  1.000000
1976  21  0.017312  1.030000
1976  22  0.007128  1.060000
1976  23  0.005092  1.090000
1976  24  0.001018  1.120000
1976  25  0.001018  1.150000
1976  26  0.000000  1.170000
1976  27  0.000000  1.200000
1976  28  0.000000  1.220000
1976  29  0.000000  1.000000
1977  7  0.02840  0.46792
1977  8  0.03414  0.55382
1977  9  0.02818  0.61948
1977  10  0.04509  0.67530
1977  11  0.13287  0.71235
1977  12  0.12710  0.74347
1977  13  0.05916  0.77129
1977  14  0.13042  0.79997
1977  15  0.20503  0.82605
1977  16  0.08496  0.85023
1977  17  0.01161  0.87380
1977  18  0.00688  0.89598
1977  19  0.00834  0.91389
1977  20  0.00992  0.93201
1977  21  0.00834  0.95130
1977  22  0.00000  0.97627
1977  23  0.01003  0.99989
1977  24  0.00688  1.02442
1977  25  0.01588  1.05107
1977  26  0.00992  1.07608
1977  27  0.00158  1.09792
1977  28  0.00000  1.11859
1977  29  0.03528  1.15889
1978  7  0.01647  0.46792
1978  8  0.03839  0.55382
1978  9  0.04635  0.61948
1978  10  0.05685  0.67530
1978  11  0.05323  0.71235
1978  12  0.06504  0.74347
1978  13  0.07426  0.77129
1978  14  0.03932  0.79997
1978  15  0.05834  0.82605
1978  16  0.09650  0.85023
1978  17  0.11397  0.87380
1978  18  0.08393  0.89598
1978  19  0.01397  0.91389
1978  20  0.00824  0.93201
1978  21  0.00352  0.95130
1978  22  0.01185  0.97627
1978  23  0.01776  0.99989
1978  24  0.01940  1.02442
1978  25  0.02584  1.05107
1978  26  0.03626  1.07608
1978  27  0.03454  1.09792
1978  28  0.01425  1.11859
1978  29  0.07172  1.15889
1979  7  0.00452  0.46792
1979  8  0.02140  0.55382
1979  9  0.07537  0.61948
1979  10  0.11281  0.67530
1979  11  0.10948  0.71235
1979  12  0.07758  0.74347
1979  13  0.09920  0.77129
1979  14  0.06000  0.79997
1979  15  0.04793  0.82605
1979  16  0.04429  0.85023
1979  17  0.05320  0.87380
1979  18  0.06198  0.89598
1979  19  0.02630  0.91389
1979  20  0.01135  0.93201
1979  21  0.00619  0.95130
1979  22  0.00809  0.97627
1979  23  0.00978  0.99989
1979  24  0.01012  1.02442
1979  25  0.01333  1.05107
1979  26  0.02154  1.07608
1979  27  0.02071  1.09792
1979  28  0.02113  1.11859
1979  29  0.08372  1.15889
1980  7  0.00317  0.46792
1980  8  0.00397  0.55382
1980  9  0.01108  0.61948
1980  10  0.04488  0.67530
1980  11  0.07385  0.71235
1980  12  0.04857  0.74347
1980  13  0.04124  0.77129
1980  14  0.04804  0.79997
1980  15  0.04488  0.82605
1980  16  0.04313  0.85023
1980  17  0.03602  0.87380
1980  18  0.04702  0.89598
1980  19  0.04862  0.91389
1980  20  0.02239  0.93201
1980  21  0.01317  0.95130
1980  22  0.00771  0.97627
1980  23  0.01103  0.99989
1980  24  0.01314  1.02442
1980  25  0.01821  1.05107
1980  26  0.02428  1.07608
1980  27  0.05299  1.09792
1980  28  0.08053  1.11859
1980  29  0.26208  1.15889
1981  7  0.00318  0.46792
1981  8  0.00027  0.55382
1981  9  0.00186  0.61948
1981  10  0.01179  0.67530
1981  11  0.03685  0.71235
1981  12  0.04840  0.74347
1981  13  0.04299  0.77129
1981  14  0.03406  0.79997
1981  15  0.03224  0.82605
1981  16  0.09679  0.85023
1981  17  0.02600  0.87380
1981  18  0.02233  0.89598
1981  19  0.03453  0.91389
1981  20  0.05461  0.93201
1981  21  0.02210  0.95130
1981  22  0.00703  0.97627
1981  23  0.01242  0.99989
1981  24  0.01459  1.02442
1981  25  0.00598  1.05107
1981  26  0.00734  1.07608
1981  27  0.04192  1.09792
1981  28  0.04371  1.11859
1981  29  0.39901  1.15889
1982  7  0.00503  0.46792
1982  8  0.00724  0.55382
1982  9  0.00532  0.61948
1982  10  0.01423  0.67530
1982  11  0.03937  0.71235
1982  12  0.08242  0.74347
1982  13  0.08162  0.77129
1982  14  0.04792  0.79997
1982  15  0.03895  0.82605
1982  16  0.03820  0.85023
1982  17  0.06884  0.87380
1982  18  0.03464  0.89598
1982  19  0.03016  0.91389
1982  20  0.04341  0.93201
1982  21  0.05570  0.95130
1982  22  0.01984  0.97627
1982  23  0.00755  0.99989
1982  24  0.00250  1.02442
1982  25  0.00884  1.05107
1982  26  0.01023  1.07608
1982  27  0.01457  1.09792
1982  28  0.02440  1.11859
1982  29  0.31901  1.15889
1983  7  0.00212  0.46792
1983  8  0.00659  0.55382
1983  9  0.00382  0.61948
1983  10  0.00596  0.67530
1983  11  0.01185  0.71235
1983  12  0.03115  0.74347
1983  13  0.07501  0.77129
1983  14  0.09758  0.79997
1983  15  0.03094  0.82605
1983  16  0.02151  0.85023
1983  17  0.04984  0.87380
1983  18  0.05900  0.89598
1983  19  0.03501  0.91389
1983  20  0.03064  0.93201
1983  21  0.04955  0.95130
1983  22  0.07214  0.97627
1983  23  0.00485  0.99989
1983  24  0.00838  1.02442
1983  25  0.01073  1.05107
1983  26  0.00769  1.07608
1983  27  0.01449  1.09792
1983  28  0.01360  1.11859
1983  29  0.35753  1.15889
1984  7  0.01838  0.46792
1984  8  0.08793  0.55382
1984  9  0.01808  0.61948
1984  10  0.00441  0.67530
1984  11  0.00227  0.71235
1984  12  0.01055  0.74347
1984  13  0.01844  0.77129
1984  14  0.06418  0.79997
1984  15  0.07478  0.82605
1984  16  0.05183  0.85023
1984  17  0.02272  0.87380
1984  18  0.05214  0.89598
1984  19  0.03910  0.91389
1984  20  0.02687  0.93201
1984  21  0.03092  0.95130
1984  22  0.03772  0.97627
1984  23  0.04596  0.99989
1984  24  0.02695  1.02442
1984  25  0.00281  1.05107
1984  26  0.00525  1.07608
1984  27  0.00914  1.09792
1984  28  0.00812  1.11859
1984  29  0.34143  1.15889
1985  7  0.00903  0.46792
1985  8  0.08174  0.55382
1985  9  0.45243  0.61948
1985  10  0.05093  0.67530
1985  11  0.01351  0.71235
1985  12  0.00223  0.74347
1985  13  0.00695  0.77129
1985  14  0.01986  0.79997
1985  15  0.02592  0.82605
1985  16  0.01031  0.85023
1985  17  0.01371  0.87380
1985  18  0.00925  0.89598
1985  19  0.01123  0.91389
1985  20  0.00935  0.93201
1985  21  0.01300  0.95130
1985  22  0.00683  0.97627
1985  23  0.01005  0.99989
1985  24  0.01915  1.02442
1985  25  0.00725  1.05107
1985  26  0.00271  1.07608
1985  27  0.00331  1.09792
1985  28  0.00007  1.11859
1985  29  0.22115  1.15889
1986  7  0.01823  0.46792
1986  8  0.00935  0.55382
1986  9  0.13096  0.61948
1986  10  0.43605  0.67530
1986  11  0.00911  0.71235
1986  12  0.00704  0.74347
1986  13  0.00104  0.77129
1986  14  0.00000  0.79997
1986  15  0.00000  0.82605
1986  16  0.01823  0.85023
1986  17  0.02942  0.87380
1986  18  0.00416  0.89598
1986  19  0.00208  0.91389
1986  20  0.01015  0.93201
1986  21  0.01247  0.95130
1986  22  0.01143  0.97627
1986  23  0.00704  0.99989
1986  24  0.02319  1.02442
1986  25  0.02055  1.05107
1986  26  0.01743  1.07608
1986  27  0.00520  1.09792
1986  28  0.00000  1.11859
1986  29  0.22689  1.15889
1987  7  0.01392  0.46792
1987  8  0.02417  0.55382
1987  9  0.06464  0.61948
1987  10  0.21933  0.67530
1987  11  0.46157  0.71235
1987  12  0.01674  0.74347
1987  13  0.00686  0.77129
1987  14  0.00099  0.79997
1987  15  0.00222  0.82605
1987  16  0.00311  0.85023
1987  17  0.01006  0.87380
1987  18  0.01876  0.89598
1987  19  0.00775  0.91389
1987  20  0.00508  0.93201
1987  21  0.01060  0.95130
1987  22  0.00813  0.97627
1987  23  0.00872  0.99989
1987  24  0.00656  1.02442
1987  25  0.00773  1.05107
1987  26  0.01463  1.07608
1987  27  0.00344  1.09792
1987  28  0.00164  1.11859
1987  29  0.08334  1.15889
1988  7  0.01848  0.46792
1988  8  0.06178  0.55382
1988  9  0.04580  0.61948
1988  10  0.05237  0.67530
1988  11  0.16777  0.71235
1988  12  0.40853  0.74347
1988  13  0.02408  0.77129
1988  14  0.00935  0.79997
1988  15  0.00108  0.82605
1988  16  0.00818  0.85023
1988  17  0.00710  0.87380
1988  18  0.01244  0.89598
1988  19  0.00791  0.91389
1988  20  0.01271  0.93201
1988  21  0.00718  0.95130
1988  22  0.00718  0.97627
1988  23  0.00718  0.99989
1988  24  0.01621  1.02442
1988  25  0.00225  1.05107
1988  26  0.00795  1.07608
1988  27  0.00584  1.09792
1988  28  0.01145  1.11859
1988  29  0.09717  1.15889
1989  7  0.00982  0.46792
1989  8  0.05939  0.55382
1989  9  0.16329  0.61948
1989  10  0.03684  0.67530
1989  11  0.04338  0.71235
1989  12  0.17156  0.74347
1989  13  0.19651  0.77129
1989  14  0.03533  0.79997
1989  15  0.00204  0.82605
1989  16  0.00109  0.85023
1989  17  0.00177  0.87380
1989  18  0.00836  0.89598
1989  19  0.01504  0.91389
1989  20  0.02780  0.93201
1989  21  0.01490  0.95130
1989  22  0.00963  0.97627
1989  23  0.00872  0.99989
1989  24  0.00564  1.02442
1989  25  0.00921  1.05107
1989  26  0.00374  1.07608
1989  27  0.01617  1.09792
1989  28  0.00929  1.11859
1989  29  0.15048  1.15889
1990  7  0.00166  0.46792
1990  8  0.02824  0.55382
1990  9  0.06377  0.61948
1990  10  0.17806  0.67530
1990  11  0.05479  0.71235
1990  12  0.03968  0.74347
1990  13  0.08340  0.77129
1990  14  0.23815  0.79997
1990  15  0.00894  0.82605
1990  16  0.00166  0.85023
1990  17  0.00164  0.87380
1990  18  0.00000  0.89598
1990  19  0.00671  0.91389
1990  20  0.02486  0.93201
1990  21  0.01179  0.95130
1990  22  0.00944  0.97627
1990  23  0.00425  0.99989
1990  24  0.01024  1.02442
1990  25  0.00822  1.05107
1990  26  0.00974  1.07608
1990  27  0.00172  1.09792
1990  28  0.01912  1.11859
1990  29  0.19392  1.15889
1991  7  0.00335  0.46792
1991  8  0.00603  0.55382
1991  9  0.05324  0.61948
1991  10  0.05890  0.67530
1991  11  0.10997  0.71235
1991  12  0.03664  0.74347
1991  13  0.05517  0.77129
1991  14  0.15096  0.79997
1991  15  0.22704  0.82605
1991  16  0.01549  0.85023
1991  17  0.00032  0.87380
1991  18  0.00000  0.89598
1991  19  0.00191  0.91389
1991  20  0.01299  0.93201
1991  21  0.01904  0.95130
1991  22  0.00379  0.97627
1991  23  0.00138  0.99989
1991  24  0.01625  1.02442
1991  25  0.01851  1.05107
1991  26  0.01191  1.07608
1991  27  0.00160  1.09792
1991  28  0.00420  1.11859
1991  29  0.19134  1.15889
1992  7  0.00988  0.46792
1992  8  0.02761  0.55382
1992  9  0.01361  0.61948
1992  10  0.05349  0.67530
1992  11  0.08194  0.71235
1992  12  0.16606  0.74347
1992  13  0.02352  0.77129
1992  14  0.03824  0.79997
1992  15  0.10199  0.82605
1992  16  0.23670  0.85023
1992  17  0.00890  0.87380
1992  18  0.01351  0.89598
1992  19  0.00045  0.91389
1992  20  0.00063  0.93201
1992  21  0.00548  0.95130
1992  22  0.01038  0.97627
1992  23  0.01212  0.99989
1992  24  0.00063  1.02442
1992  25  0.00032  1.05107
1992  26  0.00992  1.07608
1992  27  0.00616  1.09792
1992  28  0.00402  1.11859
1992  29  0.17445  1.15889
1993  7  0.01011  0.46792
1993  8  0.00147  0.55382
1993  9  0.10543  0.61948
1993  10  0.05421  0.67530
1993  11  0.08988  0.71235
1993  12  0.12046  0.74347
1993  13  0.14182  0.77129
1993  14  0.03885  0.79997
1993  15  0.02611  0.82605
1993  16  0.08163  0.85023
1993  17  0.15048  0.87380
1993  18  0.01646  0.89598
1993  19  0.01446  0.91389
1993  20  0.00069  0.93201
1993  21  0.00114  0.95130
1993  22  0.01096  0.97627
1993  23  0.00815  0.99989
1993  24  0.01129  1.02442
1993  25  0.00861  1.05107
1993  26  0.00476  1.07608
1993  27  0.00158  1.09792
1993  28  0.01257  1.11859
1993  29  0.08888  1.15889
1994  7  0.00935  0.46792
1994  8  0.01599  0.55382
1994  9  0.03970  0.61948
1994  10  0.11665  0.67530
1994  11  0.02880  0.71235
1994  12  0.05602  0.74347
1994  13  0.07987  0.77129
1994  14  0.11094  0.79997
1994  15  0.02594  0.82605
1994  16  0.02135  0.85023
1994  17  0.07746  0.87380
1994  18  0.22012  0.89598
1994  19  0.01350  0.91389
1994  20  0.00933  0.93201
1994  21  0.00071  0.95130
1994  22  0.00142  0.97627
1994  23  0.00466  0.99989
1994  24  0.01188  1.02442
1994  25  0.00787  1.05107
1994  26  0.00794  1.07608
1994  27  0.00875  1.09792
1994  28  0.01222  1.11859
1994  29  0.11953  1.15889
1995  7  0.00185  0.46792
1995  8  0.00544  0.55382
1995  9  0.01536  0.61948
1995  10  0.05414  0.67530
1995  11  0.10154  0.71235
1995  12  0.07751  0.74347
1995  13  0.05434  0.77129
1995  14  0.03227  0.79997
1995  15  0.14665  0.82605
1995  16  0.03667  0.85023
1995  17  0.00914  0.87380
1995  18  0.04837  0.89598
1995  19  0.16516  0.91389
1995  20  0.00922  0.93201
1995  21  0.00561  0.95130
1995  22  0.00026  0.97627
1995  23  0.00007  0.99989
1995  24  0.02315  1.02442
1995  25  0.00355  1.05107
1995  26  0.00660  1.07608
1995  27  0.01304  1.09792
1995  28  0.00083  1.11859
1995  29  0.18925  1.15889
1996  7  0.01168  0.46792
1996  8  0.00230  0.55382
1996  9  0.02617  0.61948
1996  10  0.05801  0.67530
1996  11  0.05443  0.71235
1996  12  0.11286  0.74347
1996  13  0.05065  0.77129
1996  14  0.04180  0.79997
1996  15  0.04028  0.82605
1996  16  0.09322  0.85023
1996  17  0.03455  0.87380
1996  18  0.01056  0.89598
1996  19  0.07599  0.91389
1996  20  0.11227  0.93201
1996  21  0.01942  0.95130
1996  22  0.00669  0.97627
1996  23  0.00029  0.99989
1996  24  0.00012  1.02442
1996  25  0.01117  1.05107
1996  26  0.00884  1.07608
1996  27  0.01485  1.09792
1996  28  0.01168  1.11859
1996  29  0.20215  1.15889
1997  7  0.00411  0.46792
1997  8  0.02165  0.55382
1997  9  0.00459  0.61948
1997  10  0.04084  0.67530
1997  11  0.04811  0.71235
1997  12  0.06311  0.74347
1997  13  0.08347  0.77129
1997  14  0.03465  0.79997
1997  15  0.08941  0.82605
1997  16  0.02795  0.85023
1997  17  0.07011  0.87380
1997  18  0.04527  0.89598
1997  19  0.03190  0.91389
1997  20  0.07681  0.93201
1997  21  0.09529  0.95130
1997  22  0.02002  0.97627
1997  23  0.00847  0.99989
1997  24  0.00279  1.02442
1997  25  0.00133  1.05107
1997  26  0.00894  1.07608
1997  27  0.00590  1.09792
1997  28  0.01138  1.11859
1997  29  0.20389  1.15889
1998  7  0.01648  0.46792
1998  8  0.01206  0.55382
1998  9  0.02315  0.61948
1998  10  0.01823  0.67530
1998  11  0.01340  0.71235
1998  12  0.06346  0.74347
1998  13  0.04609  0.77129
1998  14  0.08048  0.79997
1998  15  0.04687  0.82605
1998  16  0.05381  0.85023
1998  17  0.03118  0.87380
1998  18  0.11811  0.89598
1998  19  0.02065  0.91389
1998  20  0.01828  0.93201
1998  21  0.06368  0.95130
1998  22  0.15866  0.97627
1998  23  0.01683  0.99989
1998  24  0.00900  1.02442
1998  25  0.00165  1.05107
1998  26  0.00358  1.07608
1998  27  0.00062  1.09792
1998  28  0.00996  1.11859
1998  29  0.17378  1.15889
1999  7  0.00890  0.46792
1999  8  0.03357  0.55382
1999  9  0.04612  0.61948
1999  10  0.03562  0.67530
1999  11  0.02549  0.71235
1999  12  0.03188  0.74347
1999  13  0.03517  0.77129
1999  14  0.03534  0.79997
1999  15  0.13415  0.82605
1999  16  0.01934  0.85023
1999  17  0.04665  0.87380
1999  18  0.03497  0.89598
1999  19  0.08575  0.91389
1999  20  0.02447  0.93201
1999  21  0.03258  0.95130
1999  22  0.07152  0.97627
1999  23  0.08747  0.99989
1999  24  0.00979  1.02442
1999  25  0.00353  1.05107
1999  26  0.00561  1.07608
1999  27  0.00180  1.09792
1999  28  0.00449  1.11859
1999  29  0.18576  1.15889
2000  7  0.00671  0.46792
2000  8  0.00482  0.55382
2000  9  0.04014  0.61948
2000  10  0.06688  0.67530
2000  11  0.03250  0.71235
2000  12  0.01767  0.74347
2000  13  0.02314  0.77129
2000  14  0.05102  0.79997
2000  15  0.03332  0.82605
2000  16  0.10092  0.85023
2000  17  0.03421  0.87380
2000  18  0.04285  0.89598
2000  19  0.02924  0.91389
2000  20  0.07163  0.93201
2000  21  0.02392  0.95130
2000  22  0.02628  0.97627
2000  23  0.04102  0.99989
2000  24  0.11265  1.02442
2000  25  0.01729  1.05107
2000  26  0.00949  1.07608
2000  27  0.00389  1.09792
2000  28  0.00119  1.11859
2000  29  0.20922  1.15889
2001  7  0.01200  0.46792
2001  8  0.00568  0.55382
2001  9  0.01814  0.61948
2001  10  0.02960  0.67530
2001  11  0.06213  0.71235
2001  12  0.02950  0.74347
2001  13  0.01723  0.77129
2001  14  0.02608  0.79997
2001  15  0.03400  0.82605
2001  16  0.03816  0.85023
2001  17  0.07178  0.87380
2001  18  0.02378  0.89598
2001  19  0.03702  0.91389
2001  20  0.04412  0.93201
2001  21  0.08007  0.95130
2001  22  0.02895  0.97627
2001  23  0.02278  0.99989
2001  24  0.06257  1.02442
2001  25  0.08450  1.05107
2001  26  0.02604  1.07608
2001  27  0.00413  1.09792
2001  28  0.00688  1.11859
2001  29  0.23486  1.15889
2002  7  0.01376  0.46792
2002  8  0.04057  0.55382
2002  9  0.02514  0.61948
2002  10  0.03248  0.67530
2002  11  0.07258  0.71235
2002  12  0.07420  0.74347
2002  13  0.04641  0.77129
2002  14  0.01219  0.79997
2002  15  0.04217  0.82605
2002  16  0.02518  0.85023
2002  17  0.03972  0.87380
2002  18  0.06958  0.89598
2002  19  0.03182  0.91389
2002  20  0.04573  0.93201
2002  21  0.03229  0.95130
2002  22  0.04752  0.97627
2002  23  0.03626  0.99989
2002  24  0.02476  1.02442
2002  25  0.02837  1.05107
2002  26  0.05125  1.07608
2002  27  0.02411  1.09792
2002  28  0.00545  1.11859
2002  29  0.17844  1.15889
2003  7  0.00389  0.46792
2003  8  0.01814  0.55382
2003  9  0.03068  0.61948
2003  10  0.02635  0.67530
2003  11  0.05261  0.71235
2003  12  0.05490  0.74347
2003  13  0.11812  0.77129
2003  14  0.05485  0.79997
2003  15  0.02496  0.82605
2003  16  0.02675  0.85023
2003  17  0.04099  0.87380
2003  18  0.03214  0.89598
2003  19  0.06953  0.91389
2003  20  0.03024  0.93201
2003  21  0.02869  0.95130
2003  22  0.02652  0.97627
2003  23  0.03220  0.99989
2003  24  0.03859  1.02442
2003  25  0.01924  1.05107
2003  26  0.04322  1.07608
2003  27  0.04479  1.09792
2003  28  0.02955  1.11859
2003  29  0.15305  1.15889
2004  7  0.00270  0.46792
2004  8  0.03645  0.55382
2004  9  0.06257  0.61948
2004  10  0.06032  0.67530
2004  11  0.04394  0.71235
2004  12  0.03320  0.74347
2004  13  0.05804  0.77129
2004  14  0.10257  0.79997
2004  15  0.02459  0.82605
2004  16  0.01053  0.85023
2004  17  0.01708  0.87380
2004  18  0.06308  0.89598
2004  19  0.03463  0.91389
2004  20  0.04519  0.93201
2004  21  0.01848  0.95130
2004  22  0.02786  0.97627
2004  23  0.02143  0.99989
2004  24  0.05268  1.02442
2004  25  0.02257  1.05107
2004  26  0.02585  1.07608
2004  27  0.02843  1.09792
2004  28  0.06436  1.11859
2004  29  0.14346  1.15889
2005  7  0.01162  0.46792
2005  8  0.01101  0.55382
2005  9  0.02814  0.61948
2005  10  0.03256  0.67530
2005  11  0.07659  0.71235
2005  12  0.01472  0.74347
2005  13  0.02722  0.77129
2005  14  0.01632  0.79997
2005  15  0.05631  0.82605
2005  16  0.04046  0.85023
2005  17  0.01824  0.87380
2005  18  0.00916  0.89598
2005  19  0.02268  0.91389
2005  20  0.04394  0.93201
2005  21  0.06050  0.95130
2005  22  0.02496  0.97627
2005  23  0.04692  0.99989
2005  24  0.02981  1.02442
2005  25  0.04317  1.05107
2005  26  0.02975  1.07608
2005  27  0.02919  1.09792
2005  28  0.04504  1.11859
2005  29  0.28168  1.15889
2006  7  0.03447  0.46792
2006  8  0.03690  0.55382
2006  9  0.02105  0.61948
2006  10  0.04695  0.67530
2006  11  0.06953  0.71235
2006  12  0.05356  0.74347
2006  13  0.01644  0.77129
2006  14  0.02269  0.79997
2006  15  0.02912  0.82605
2006  16  0.07656  0.85023
2006  17  0.03209  0.87380
2006  18  0.00303  0.89598
2006  19  0.01786  0.91389
2006  20  0.02188  0.93201
2006  21  0.03590  0.95130
2006  22  0.05824  0.97627
2006  23  0.02099  0.99989
2006  24  0.04473  1.02442
2006  25  0.03095  1.05107
2006  26  0.01524  1.07608
2006  27  0.03617  1.09792
2006  28  0.01814  1.11859
2006  29  0.25750  1.15889
2007  7  0.11389  0.46792
2007  8  0.07238  0.55382
2007  9  0.05464  0.61948
2007  10  0.04760  0.67530
2007  11  0.02457  0.71235
2007  12  0.05414  0.74347
2007  13  0.03611  0.77129
2007  14  0.01186  0.79997
2007  15  0.02917  0.82605
2007  16  0.01625  0.85023
2007  17  0.03509  0.87380
2007  18  0.04731  0.89598
2007  19  0.00865  0.91389
2007  20  0.00609  0.93201
2007  21  0.00682  0.95130
2007  22  0.02960  0.97627
2007  23  0.03625  0.99989
2007  24  0.02604  1.02442
2007  25  0.03337  1.05107
2007  26  0.02934  1.07608
2007  27  0.06078  1.09792
2007  28  0.01958  1.11859
2007  29  0.20047  1.15889
2008  7  0.16672  0.46792
2008  8  0.05548  0.55382
2008  9  0.04535  0.61948
2008  10  0.17255  0.67530
2008  11  0.15770  0.71235
2008  12  0.05813  0.74347
2008  13  0.07142  0.77129
2008  14  0.11234  0.79997
2008  15  0.02424  0.82605
2008  16  0.01851  0.85023
2008  17  0.01981  0.87380
2008  18  0.01981  0.89598
2008  19  0.00704  0.91389
2008  20  0.01147  0.93201
2008  21  0.00573  0.95130
2008  22  0.00000  0.97627
2008  23  0.00573  0.99989
2008  24  0.00704  1.02442
2008  25  0.00000  1.05107
2008  26  0.00000  1.07608
2008  27  0.00000  1.09792
2008  28  0.01277  1.11859
2008  29  0.02815  1.15889
# Survey data (yr, catch, B1, B2, cf) from "yrsu2.sxd"        
1963  3.712  0.0000  0.0000  0.0000  
1964  3.507  0.0000  0.0000  0.0000  
1965  7.966  19.7480  0.0000  0.4440  
1966  22.121  15.6210  0.0000  0.3090  
1967  17.438  20.5630  0.0000  0.6900  
1968  12.769  0.0000  0.0000  0.0000  
1969  9.817  18.5680  0.0000  0.6950  
1970  7.785  13.7690  0.0000  0.2550  
1971  4.268  13.3990  0.0000  0.8530  
1972  6.600  0.0000  0.0000  0.0000  
1973  6.019  7.8030  0.0000  0.8300  
1974  9.174  0.0000  0.0000  0.0000  
1975  5.360  0.0000  0.0000  0.0000  
1976  3.018  10.7740  0.0000  0.5330  
1977  1.949  7.5470  0.0000  0.6750  
1978  1.382  0.0000  0.0000  0.0000  
1979  1.627  0.0000  0.0000  0.0000  
1980  4.023  0.0000  0.0000  0.0000  
1981  3.849  0.0000  0.0000  0.0000  
1982  4.656  0.0000  0.0000  0.0000  
1983  3.708  0.0000  0.0000  0.0000  
1984  3.003  8.7180  16.5290  0.9130  
1985  2.798  0.0000  0.0000  0.0000  
1986  1.292  0.0000  0.0000  0.0000  
1987  3.575  0.0000  0.0000  0.0000  
1988  4.329  0.0000  0.0000  0.0000  
1989  2.712  0.0000  0.0000  0.0000  
1990  2.831  0.0000  0.0000  0.0000  
1991  2.913  0.0000  0.0000  0.0000  
1992  2.677  0.0000  0.0000  0.0000  
1993  2.457  0.0000  0.0000  0.0000  
1994  3.847  0.0000  16.5830  0.2750  
1995  4.541  25.0410  26.6340  0.9690  
1996  5.185  0.0000  0.0000  0.0000  
1997  4.784  0.0000  0.0000  0.0000  
1998  4.985  0.0000  0.0000  0.0000  
1999  4.625  0.0000  0.0000  0.0000  
2000  4.708  0.0000  0.0000  0.0000  
2001  4.129  0.0000  0.0000  0.0000  
2002  4.283  0.0000  0.0000  0.0000  
2003  4.821  0.0000  23.8319  0.5041  
2004  4.534  0.0000  18.1562  0.5123  
2005  3.862  0.0000  15.1947  0.5096  
2006  4.159  0.0000  0.0000  0.0000  
2007  3.487  0.0000  11.3002  0.5041  
2008  2.911  0.0000  0.0000  0.0000  

